0.008756846454163244	7.1488259599411474	1
0.0011002034216983036	7.1478582345305135	1
0.007537009709799917	7.148918915785485	1
0.003369216127880072	7.147805502762814	1
0.006336619570607975	7.148993755897695	1
0.005153735699454444	7.149052740939224	1
0.002830108580574187	7.149130139926072	1
0.004516202993353896	7.147757401857254	1
0.0016831926418591865	7.149151081539985	1
-0.0022877740528409168	7.147837466362938	1
-0.0005981702779685901	7.149160992969	1
-2.795609063364674e-05	7.14786443901988	1
-0.0017399041095198754	7.149150301408909	1
0.003985872292700179	7.149097717915522	1
-0.0040434675278286135	7.149095794089634	1
-0.005212010029897765	7.149050159971195	1
0.0022315397154867907	7.14783878414435	1
-0.001156196741659169	7.147857585448098	1
0.010755683486893956	7.149871519603578	1
0.009481371709307384	7.149975311061353	1
0.008231313776983612	7.150060070540754	1
-0.0034258441288375265	7.14780347684285	1
-0.004573365127743856	7.1477546081197545	1
0.00579778916302196	7.1501826140236595	1
-0.007597021000140776	7.148914754064723	1
0.0034365023226604063	7.1502554725329315	1
-0.0063957073793711626	7.148990435633842	1
0.0005416401705393625	7.149161250073342	1
0.007004141342860552	7.150128429606473	1
-2.8489132421287092e-05	7.150293078640898	1
-0.001178365741509099	7.150288728699671	1
-0.00881786116573546	7.148820833495866	1
0.0011212876802879097	7.1502891409418545	1
0.002274976458049033	7.150276763495345	1
-0.0028871781757987295	7.149128810222511	1
0.004609613624767991	7.150224467748668	1
-0.004668144422014151	7.150222658948417	1
-0.008292741597612426	7.150056274378704	1
0.014221897520214877	7.150624749290374	1
-0.002332351711077521	7.150275923126036	1
0.012857714175243489	7.150765436241946	1
0.011521341239083693	7.150882107687076	1
-0.009543976133491913	7.149970636704972	1
-0.0034943655381429396	7.1502541721034065	1
-0.010819511977706215	7.149865825522799	1
0.004049923005760279	7.151238959261198	1
0.010213232246678212	7.150978156618632	1
-0.005857151315961002	7.150180231663606	1
0.008932836675373331	7.151056539384284	1
-0.000607140987535649	7.151280076542224	1
-0.007064477846564964	7.150125390937367	1
0.007678743730383566	7.151119808593268	1
0.006448812458471253	7.1511701409951005	1
0.0028740548746359223	7.151260109700034	1
-0.00410857157562945	7.151237699171055	1
0.0052402904343315715	7.151209360855667	1
0.0017087256234069106	7.151273680199436	1
0.0005497606669640503	7.151280242231424	1
-0.008995687721024331	7.151053028547026	1
-0.002932075701870141	7.151259245553814	1
-0.012924707270575486	7.150759056358827	1
-0.006509266530523153	7.151167920880959	1
-0.001766320857450463	7.151273176006261	1
-0.01158693580722585	7.150876834860639	1
-0.010277430707221976	7.150973833197199	1
0.013670979444911392	7.151651866964683	1
-0.0052997559426507706	7.15120765392086	1
-0.014290237760157512	7.150617082094966	1
0.012297110772904756	7.151762027898048	1
0.008362019663379577	7.151986547311985	1
0.015075889800117988	7.151518972885111	1
0.007107942667511706	7.152034301365289	1
0.001134742102033726	7.152144157910777	1
0.009643587771613803	7.1519267181612864	1
0.004670467398380374	7.152100435841902	1
-0.00353861250627676	7.152120611897193	1
0.01095481651088691	7.151852699209348	1
-0.007740335539557367	7.151116992841723	1
-0.0011925144944608286	7.1521438817455225	1
0.0023028168612626715	7.152135850949599	1
-0.01102063118615823	7.15184861767475	1
0.005878542061790958	7.152071769820822	1
-0.009707888397820436	7.151923401300002	1
-0.01236448698019769	7.151757050079939	1
-0.00236093167073039	7.1521352858287885	1
-0.013739916579677398	7.151645841894041	1
-0.0071695163223765325	7.152032189430042	1
-0.004729921065781553	7.152099202503959	1
-0.008424894946660088	7.151983881423457	1
0.003479933825005181	7.152121491682746	1
0.017421574786975202	7.152138278638158	1
-0.015146331535488014	7.151511728536581	1
0.015943608283833847	7.152291603612984	1
-2.8828787042075723e-05	7.152146794017251	1
-0.005938967139725004	7.152070130469659	1
0.0040929519704207265	7.152877471340016	1
0.010365955940137261	7.152685608214075	1
0.011708808983178042	7.152613808254411	1
0.013085937264092719	7.152526076223021	1
0.002903359996078887	7.1528927181314295	1
0.014497758471783508	7.152419703347317	1
0.00172566299589262	7.152902463035215	1
0.007776868382086542	7.152790537223007	1
-0.002962024723816299	7.152892096555879	1
0.006525649266190979	7.152827447319417	1
0.009056026512036719	7.152743837770583	1
0.00529896716758316	7.152856027563373	1
0.0005551329376175222	7.152907163751038	1
-0.004152326310914022	7.152876560861187	1
-0.0017838480264231807	7.1529021015394045	1
-0.013155122702133568	7.152521265049097	1
-0.0006130761444871528	7.152907045155021	1
-0.00783960847237966	7.152788465584952	1
-0.00912023074026629	7.152741237844059	1
-0.010431747995579804	7.15268238605859	1
-0.005359268953815067	7.152854787425445	1
0.016828381985015163	7.1529547659054025	1
0.015341266388320481	7.153080984108567	1
0.013890886747140088	7.153186260502995	1
0.012478091803429162	7.153273514716278	1
-0.006587079945967328	7.152825824423086	1
0.0059368500646671055	7.153518688497403	1
-0.014568656382896897	7.152413890858074	1
0.004714131093611383	7.153541353663172	1
-0.011776275793605144	7.1526098545397385	1
0.003510927850374045	7.153557996504538	1
0.00845770952563412	7.153451270297547	1
0.0023226013317457325	7.15356934327795	1
0.011102604649321916	7.153345317177709	1
0.007183405188940107	7.153489053487616	1
-0.01601615471242886	7.1522846263775435	1
-0.002381245233074318	7.153568896766834	1
-2.9069309275148323e-05	7.153577988695171	1
-0.017495639258297356	7.152129951767505	1
-0.0012025434671006704	7.1535756880629355	1
-0.00724590460079473	7.1534873827983905	1
-0.008521678131442443	7.153449160678502	1
0.001144278049703429	7.153575906232902	1
-0.011169941648563535	7.1533420853970275	1
-0.012547256605471999	7.153269572344285	1
-0.01842638259473312	7.152796148282275	1
-0.016903041021752926	7.152947905746261	1
0.020897019114050244	7.153190305578637	1
0.009763173925443019	7.153403917758121	1
0.01835008971557706	7.152804303755828	1
0.014715059555370249	7.153752228013451	1
0.016204679026935967	7.15364543091578	1
0.019298864462360697	7.153367760949561	1
0.017733425329268332	7.153518307379438	1
-0.013961917221949732	7.153181487862457	1
0.01048612257794442	7.153976511648139	1
0.01185637624141278	7.153915494227879	1
-0.004774260018790843	7.153540378668055	1
-0.00982876599273676	7.153401292175886	1
0.00915290987735871	7.1540263495102145	1
-0.0035701961551229686	7.153557301209636	1
0.013265653936898865	7.153841441947769	1
-0.005998062046225291	7.153517392104127	1
-0.015414148294235472	7.153075244918936	1
0.007854000916839668	7.154066611462337	1
0.005345045269012926	7.154123662225495	1
0.001738949343703973	7.1541646964433845	1
0.006586017727307032	7.1540986663270285	1
-0.005406004869300604	7.154122573982284	1
-0.004186671782327529	7.154141734412796	1
0.004126727051020823	7.154142538252524	1
-0.0006177312942764441	7.154168780466028	1
-0.009218180670211802	7.154024116290297	1
-0.006648217217615584	7.154097251889434	1
-0.014787975468391593	7.153747368287401	1
-0.001797597175655312	7.154164374547408	1
0.002926354199530772	7.154156033907157	1
-0.011925319794862785	7.153912146045558	1
-0.007917645576787523	7.154064818915382	1
-0.0029855245409857113	7.154155482386786	1
-0.016279570939627855	7.153639630763517	1
0.0005593465811826541	7.154168886266359	1
-0.013336568943033422	7.153837394450681	1
-0.020977017316171732	7.153180738958376	1
0.02027084381552027	7.153836814571032	1
-0.017810205817851903	7.153511421870778	1
0.018661759393357957	7.153990175215293	1
-0.019377374406480304	7.153359626739363	1
-0.01055317121299578	7.153973763902325	1
0.02191391463277172	7.153657505140833	1
0.01556150756698893	7.154231642835201	1
0.017091052447870816	7.154120824764438	1
0.0023401568557158835	7.154682609397307	1
0.003538305634593876	7.154671253077006	1
0.0011527638609251296	7.154689222501944	1
0.011227691072406901	7.154469216690222	1
0.004752474408306311	7.154654755414087	1
0.007248736512600529	7.154603906885376	1
-0.00121146713538465	7.154689002108598	1
-0.002399266857568625	7.15468216070417	1
-0.003598087438280499	7.15467056019462	1
0.014074505564280682	7.154325185039919	1
0.009865139299110608	7.154523442270944	1
-0.008604798745581817	7.154565909434647	1
0.012630202881275235	7.154403712397555	1
-2.928354677683488e-05	7.154691328168094	1
-0.007312012561278274	7.15460230346794	1
-0.004813183880757696	7.154653794315713	1
-0.006049584813922359	7.154631290341871	1
-0.014147225918314493	7.1543209182580725	1
-0.012700819309830814	7.154400141036438	1
-0.009931794153269408	7.154520995270458	1
-0.011296271464949294	7.154466247988295	1
-0.01716797958316949	7.154114836453685	1
-0.018740667387963518	7.153983131482094	1
-0.020351554579194527	7.153828563620967	1
0.0059877048817251755	7.154632552054902	1
-0.021996164679336544	7.153647876446412	1
0.022955840516714208	7.154034424781642	1
0.01490759566492945	7.154730648865576	1
-0.015636350422684225	7.154226575062816	1
0.013427021994371803	7.154815808339054	1
0.011990768652714182	7.154887845384417	1
0.01961613246327552	7.154376754396533	1
0.018003243088278068	7.154513343253679	1
0.02126862308816639	7.15421810685561	1
0.00924385574473695	7.154998827546952	1
0.016433153359274952	7.154630523067958	1
0.0029494530946098793	7.155136508003519	1
0.0017523933018606924	7.155146191601081	1
-0.0006224587599822671	7.15515078678944	1
0.0005636260915632271	7.155150906095714	1
-0.0018115055344093802	7.155145830247864	1
0.004160309474800996	7.155121579967443	1
0.007927538377401261	7.155040409900915	1
0.008539922366800425	7.15456790474602	1
0.006644452247370351	7.15507417178038	1
-0.003009120897412535	7.155135894267297	1
0.005390286546847573	7.155100989474902	1
-0.004220801687088358	7.155120696511286	1
-0.005451861129273799	7.155099811793753	1
-0.007991988512274072	7.15503854031747	1
0.010597203128626493	7.154948380371651	1
-0.0067073524136634505	7.155072667963154	1
-0.012060959228999267	7.154884557103822	1
-0.013499379064048448	7.154811909359756	1
-0.010665328911150206	7.154945627436778	1
-0.014982176108738273	7.154726053183839	1
-0.009310057046750433	7.1549965444550665	1
-0.01650996233571243	7.154625133094738	1
-0.021351509617000962	7.154209615255852	1
-0.02304028911291398	7.154024608186235	1
0.024024675098662754	7.154326848219408	1
-0.01969716751492296	7.1543694311261286	1
0.02059893831153236	7.154683176138048	1
0.022294364915283197	7.154517069117969	1
0.01894382687261075	7.154827867119189	1
-0.01808222631035691	7.154507048728221	1
0.01576773096954278	7.155062353340828	1
0.014249694265168748	7.155156188179151	1
0.017332709536607184	7.154953546314063	1
0.012778231675086668	7.155236732742125	1
0.011351956549546146	7.155305469468825	1
0.009968599231035945	7.155363697310604	1
0.008625129279388981	7.155412545422947	1
0.007317866104589083	7.155452984823194	1
0.006042579832869788	7.155485838230575	1
0.003568821695125127	7.155531384169856	1
0.004794584024806623	7.155511788267786	1
0.0023599459468153826	7.1555450471183955	1
0.0011623964239022458	7.155553074293177	1
-0.0024195719682927747	7.155544504421585	1
-0.003629155446589352	7.155530555311822	1
-2.9527296031964496e-05	7.155555641710471	1
-0.007381893540509945	7.1554511646747025	1
-0.015844222542083577	7.1550573259168475	1
-0.01432385798250166	7.155151861769971	1
-0.011421642028271194	7.155302318927969	1
-0.0012215943087856068	7.155552805896136	1
-0.02068208969666791	7.154675465707905	1
-0.010036222320383308	7.1553610398743555	1
-0.012850110962542724	7.15523302879611	1
-0.006105128779937242	7.155484377007012	1
-0.017411518059336942	7.154947728972371	1
-0.008690856425827955	7.155410328919213	1
0.021612130618602805	7.154913603651238	1
-0.0048558962659305685	7.155510655315337	1
0.02334971091820514	7.154738211187596	1
-0.022379389348523945	7.1545082291755255	1
0.01991501568571551	7.155068263177018	1
0.016657494592824288	7.155323713141838	1
-0.02411125338556956	7.154316736783916	1
0.01213222200191062	7.155597769712752	1
0.015100922439326514	7.155428106784848	1
0.018262596595453724	7.155204330615158	1
0.02512168907758247	7.154539685153304	1
-0.019024879111959183	7.15482115960944	1
0.013592861999669572	7.15551901585753	1
0.010716978841807613	7.155665537160492	1
-0.0006282853092324122	7.1559075598724515	1
-0.0018285623011324926	7.155901235637847	1
0.008010672645288403	7.155772057765085	1
-0.004261693817948886	7.155869559305478	1
-0.005505865348550765	7.1558436954837665	1
0.0054436158236383135	7.155845143684799	1
-0.006775616552892258	7.15581063169743	1
0.001768886451664	7.1559016957997486	1
-0.00941141243491904	7.155720693627149	1
0.006711978090050648	7.155812448309107	1
-0.010786121258531076	7.155662419722106	1
-0.012203554815365641	7.1555941327624435	1
0.0005689011819752322	7.155907712431571	1
0.009344302915726615	7.155723338836816	1
-0.018343428857392225	7.155197991985561	1
-0.01673594130541191	7.155318160176586	1
0.0042005765670692875	7.155870662166447	1
-0.008075938556056506	7.155769844100634	1
-0.015176953852234273	7.155423260056201	1
-0.013666505525454236	7.155514805028072	1
0.002977526924945046	7.155889412098295	1
-0.019998138271154844	7.155061049467649	1
-0.0030377827866354093	7.155888636856664	1
-0.025210308173046925	7.154529193211054	1
0.026247445513802224	7.154677250784493	1
-0.023436818435386784	7.154728933754489	1
-0.021697373447970965	7.154905414418612	1
0.0175791627319689	7.155517298137579	1
0.02091856961911175	7.155237649923352	1
0.02265713193900607	7.1550715015183926	1
0.014437265605869384	7.1557368921561055	1
0.01922485773196428	7.155385697082711	1
0.011491766628540243	7.1559063348145795	1
0.01598316928175865	7.15563392674178	1
0.02443568661153537	7.154885395406101	1
0.012940707873674224	7.155827353977444	1
0.007401225934391876	7.15608278040884	1
0.006110070198074494	7.156123672751345	1
0.010087857868421018	7.155974731171949	1
0.004847269053518795	7.156156471774804	1
0.008725661041359566	7.156033322759265	1
0.0036075385691991444	7.156181557368238	1
-0.001234655847648467	7.156209317950991	1
0.0023853137650626725	7.156199220931868	1
0.0011748226990557912	7.156209668117807	1
-0.002445590344351875	7.156198516512694	1
-0.014512742776603154	7.155732090446253	1
-0.013013771510724371	7.155823147052782	1
-0.006173379009404921	7.1561218394056585	1
-0.016061121232251875	7.155628476075358	1
-0.003668548545320918	7.156180490487675	1
-2.9842387655760282e-05	7.156213020749144	1
-0.019307725102367935	7.155378756884231	1
-0.021003748464689748	7.1552298527886435	1
-0.0087922779318759	7.156030637950397	1
-0.022744423084223156	7.155062760318637	1
-0.010156454661130002	7.155971576890418	1
-0.017659598164934023	7.155511137236908	1
-0.004909293827269643	7.156155030024078	1
0.023734735541101445	7.155159894309975	1
-0.01156252364257585	7.155902675025668	1
0.025552597821458852	7.154962100899451	1
0.021955703361575214	7.155338651368258	1
-0.02452480105628143	7.154875612459835	1
0.015313789817522065	7.155891861888625	1
0.0168985730943377	7.155775362584899	1
-0.007466072093625133	7.156080534269351	1
0.020221068988834714	7.1554999197672355	1
0.008113105808551069	7.156297853281724	1
0.018534617838835345	7.1556450800694265	1
0.012295599524363222	7.1560872836651725	1
0.006796706573826823	7.156348409126995	1
0.003014161143456716	7.156446944813049	1
0.01085851640382947	7.156167820481582	1
0.005511600943588328	7.156389897602604	1
0.013779926827485328	7.155995549309117	1
0.004252590534872495	7.1564226545866845	1
0.0005758564179376764	7.156470842341951	1
0.001790557801488252	7.1564629643367015	1
-0.000635966969490501	7.156470642325526	1
0.009465601639823731	7.156237819876615	1
-0.0018509683482895803	7.156462362675519	1
-0.003075168335176804	7.1564459366568425	1
-0.004314484282991481	7.156421231802473	1
-0.005574660933807775	7.156388048699979	1
-0.006861198633737807	7.156346119151725	1
-0.008179278078032481	7.156295103675611	1
-0.009533680487737475	7.156234588301204	1
-0.015391160728944132	7.155886394944366	1
-0.012368061177127384	7.156083004892412	1
-0.01861706160457401	7.155638242746351	1
-0.013854797566261618	7.155990696489836	1
0.024844998330459698	7.155181619645157	1
0.02669991673159321	7.154971683433044	1
0.019525256647520552	7.155708670486112	1
0.023026985018571183	7.155373644218246	1
-0.022042904946989156	7.155330212225036	1
0.017848859199968495	7.155853715265989	1
0.013130897231996862	7.156209011051181	1
-0.023824009313548188	7.15515054921438	1
-0.010928702029680435	7.156164080602398	1
-0.016978486870340984	7.1557692360875595	1
-0.02564361703235606	7.1549517684275035	1
0.011658843290069078	7.156303089376917	1
-0.020305966253748323	7.155492313925487	1
0.021252243083258255	7.155548967816568	1
0.002418661184350561	7.156668083542078	1
0.014652112175643403	7.1561031665883155	1
0.001191224832249128	7.156681648792533	1
0.010233165144567008	7.156385924542744	1
0.007506296728050346	7.156519622753179	1
0.0036580892237972657	7.156645243994627	1
-3.0258847379961986e-05	7.156686011112104	1
0.016224437554855524	7.155984959850725	1
-0.004978324730874708	7.156611164164124	1
0.008850356973906823	7.156457971710224	1
0.004915414903905536	7.156613009704027	1
0.006196341432345976	7.156571210062367	1
-0.001251894115630671	7.156681193423645	1
-0.0024797835786009937	7.156667170410672	1
-0.007572095219699275	7.156516805555821	1
-0.0062605652774711	7.156568884895083	1
-0.0037199612629997716	7.156643868292205	1
-0.008917971226844065	7.156454647352695	1
-0.010302812568379383	7.156382075025037	1
-0.014728855931768996	7.156097602091097	1
-0.011730713054170587	7.156298693656346	1
-0.013205145316913783	7.15620404483558	1
-0.019609710663318267	7.1557011048542085	1
-0.0179307610323854	7.155846855378062	1
-0.0231161520989589	7.155364526049534	1
-0.016303749679639414	7.155978765502804	1
0.02598712289990737	7.155139580636115	1
-0.024936161843173512	7.155171643033438	1
0.018835245755335205	7.155870101461392	1
0.020551891366341883	7.155709554590706	1
-0.02133914445732768	7.155540651261702	1
0.017170777012681337	7.156016980897243	1
0.024132225511991595	7.155345003231942	1
0.011030841192441923	7.156477564675631	1
0.015559130725570858	7.156150722958278	1
0.02231872515519276	7.155534744653978	1
0.012491163058516871	7.156380623288385	1
0.013999777584648954	7.156271798277066	1
0.009615594836198511	7.156562943142669	1
0.008241544312964368	7.156637036600872	1
0.006904246297470431	7.156700082845241	1
0.0005849655263797518	7.156855368712928	1
0.003061836518640833	7.156824758480416	1
0.0055987844691837265	7.156752281780395	1
0.004319853339854442	7.156793797245849	1
-0.0006460269194218835	7.1568551118898105	1
-0.0018802466153746969	7.156844489999676	1
0.0018188805690427575	7.156845261257167	1
-0.004382726133944961	7.156791988403719	1
-0.003123808577011503	7.156823470417638	1
-0.006969760885483518	7.156697213923973	1
-0.005662842654245597	7.156749946547517	1
-0.008308768905051793	7.156633624942689	1
-0.011102156567886127	7.15647303296721	1
-0.014075882517739781	7.156266086897014	1
-0.015637799759091516	7.156144393765829	1
-0.009684761607205305	7.156558977866488	1
-0.012564803017895523	7.1563755102787425	1
-0.020638335877294103	7.155701228302801	1
-0.026080051037085248	7.155128972645331	1
-0.017252061713641607	7.1560100118739465	1
-0.02240758000065362	7.1555256944046235	1
-0.02422327248770694	7.155335193840206	1
-0.018919143104270012	7.155862467772359	1
0.023420078524082743	7.1554593287388535	1
0.01335747414967587	7.156400323674687	1
0.02527035652671394	7.155255349438681	1
0.011860854770703276	7.156512431748994	1
0.027159326528079585	7.155037002556268	1
0.01041122904503355	7.1566122872335765	1
0.016502390481614185	7.15613866128103	1
0.018153845101503568	7.155988703559587	1
0.02161464222374345	7.155649325457893	1
0.01985834216349558	7.155825682093701	1
0.0076379776797785865	7.156775801230592	1
0.014903967799821154	7.156275796610434	1
0.00500222281066593	7.15689179501986	1
0.0037228546796607945	7.1569321831379655	1
0.002461561943504269	7.156960910951987	1
0.009005004071117836	7.156700035296093	1
0.006305432538791408	7.156839691574883	1
-0.0012741235316656603	7.156977442586539	1
-0.003785814946862659	7.1569304557132485	1
-0.010482050662246547	7.156607622513662	1
-0.011933927248602899	7.156507163101302	1
-0.005066231297674166	7.156889488147714	1
-0.00907376814014733	7.156695967784555	1
-0.014981985330027786	7.1562692958003336	1
-0.016583019909796985	7.156131529960652	1
-0.0025237652010634366	7.156959760629394	1
-0.006370768668214015	7.156836802100572	1
-0.021703031511563414	7.1556402289486645	1
-0.013432957991155995	7.15639444336128	1
0.0012123777694810947	7.156978017360821	1
-0.018237113913925046	7.155980930424953	1
-0.007704905437718842	7.1567723251652815	1
0.022712819388764155	7.15552992301811	1
0.024554958340926577	7.155325220445596	1
-0.025363164397304787	7.155244865093866	1
0.01917404287886036	7.155901115949457	1
-3.079635886975201e-05	7.15698352543446	1
0.026439294732285866	7.155107805918136	1
-0.01994421973401901	7.155817254421047	1
0.020918038220250543	7.155721894347351	1
-0.0235108067075566	7.155449547333604	1
0.01584470998999239	7.15622124330463	1
0.017482741506816165	7.156067570726982	1
0.008400022921042593	7.156797465228802	1
0.007037972691824235	7.1568742239421965	1
0.014259358352682633	7.156362120182705	1
0.012725078916109026	7.156490189758771	1
0.009798999204316731	7.156707869597756	1
0.011239378825073766	7.156605442257132	1
0.005707901074613649	7.156938141687178	1
0.004404473723932828	7.1569892153931285	1
0.0031220471542176254	7.157027442810869	1
0.0018547421497491807	7.157052822378752	1
-0.007104710960797408	7.156870720564213	1
-0.004468558853723502	7.156986985687956	1
-0.0019173144433570605	7.157051866729665	1
-0.009869406969454302	7.156703093260785	1
-0.0057731765753057315	7.1569352750797455	1
-0.0031852278772932442	7.157025850102267	1
-0.0006587803163362991	7.157065034565062	1
-0.00846847904475375	7.156793325256582	1
0.0005965138758726689	7.157065353118661	1
-0.01131194642603493	7.156600029847054	1
-0.014336744092193963	7.156355436796182	1
-0.017565345566678835	7.156059618494633	1
-0.02100585364276988	7.155712676140315	1
0.027635789706829627	7.154906265987671	1
-0.026533705550266063	7.155096695474896	1
0.0257209707620138	7.155135599703519	1
-0.01925928350208538	7.1558925303251995	1
-0.024647445150975007	7.155314739791423	1
-0.015924677696473977	7.15621392518298	1
-0.02280307709601798	7.155520073115789	1
-0.01279998429375754	7.156484141638719	1
0.02384479206447391	7.155353882274587	1
0.022013381939812376	7.155560691490874	1
0.01682265919344806	7.156108681627461	1
0.013624942085229297	7.156410685945912	1
0.00779881696048328	7.15685482782592	1
0.015197883872351155	7.156266185667239	1
0.0012386851281834463	7.15709922554522	1
-3.146517444857473e-05	7.1571059331170215	1
0.0038030746365620635	7.157043513662501	1
0.0025148355940265497	7.157078410898738	1
0.006439445132635582	7.156931654349098	1
0.012101783969752653	7.156541972207004	1
0.02023102104162474	7.15575564813125	1
0.009192610932181804	7.156764191338527	1
-0.00257837547811284	7.157077012140635	1
0.018500368120639103	7.155938412570149	1
-0.006506112652908749	7.156928172012949	1
0.005109359053985209	7.156994575225656	1
-0.003867370277502338	7.1570414175865364	1
-0.005174701167006606	7.15699178433136	1
-0.0013017682701780121	7.157098525755801	1
-0.016904592712969724	7.156100537892626	1
-0.012176174352924955	7.156535776939727	1
0.010625535354894713	7.156659860517379	1
-0.007867073398261568	7.156850658339133	1
-0.013701739480723264	7.1564038309483	1
-0.018584936120219737	7.155929642661009	1
-0.00926270051143347	7.15675933995478	1
-0.02031819297393802	7.155746266267011	1
-0.01069767887905378	7.1566543335105965	1
-0.023936806056145492	7.155343326254809	1
-0.022103061043611948	7.1555507136274175	1
0.01955467043036253	7.155752755347338	1
-0.02581506130155878	7.155124485419833	1
0.016173500236565195	7.1561131579986705	1
0.02500784227033352	7.155124595417782	1
0.017837772039519424	7.1559391889298745	1
0.023142443760876406	7.15534479497742	1
0.026914514945904126	7.154894599283228	1
0.021323553340079918	7.155554415266588	1
0.012999709857494011	7.156421778354237	1
0.01456132849002267	7.156274167116486	1
-0.015277210322208433	7.156258680727269	1
0.011486209610485385	7.156555606799269	1
0.010017624540674668	7.156675316599679	1
0.0071991827855135745	7.156871261881955	1
0.00859009091179619	7.15678061750666	1
0.004507262957451462	7.15700778860843	1
-0.004572805518818792	7.157005133045955	1
0.0058400022548706874	7.156947042141232	1
-0.007267358225168618	7.156867116157635	1
-0.005906726230020823	7.156943637723725	1
0.0006106113500301655	7.157098662854485	1
-0.011560165619232945	7.156549301299804	1
-0.0032600129309903942	7.157051466844186	1
-0.016254783183048356	7.156104833649372	1
-0.008659970485078123	7.156775739858823	1
-0.013075982118469786	7.156414781162563	1
-0.010089439533148696	7.156669718343797	1
0.0018984841913334183	7.157083680844202	1
-0.021412583083664005	7.155544282030683	1
0.003195368108835434	7.15705336776035	1
-0.023233875360457082	7.155334120032215	1
-0.01792166096187826	7.155930234387376	1
0.026198000478260125	7.15484659283395	1
0.024302164527471953	7.155077963580522	1
0.02244939550769589	7.15530047607641	1
-0.025101458944293505	7.155113415583234	1
0.01888918396478849	7.155714616952519	1
0.017185923088307565	7.155904372716963	1
-0.027010007901928486	7.154882955631973	1
0.013933844735846216	7.156245319099586	1
0.010876507199709765	7.156530608625745	1
0.007989126128769748	7.156756207808309	1
0.006598637086963022	7.156845655386264	1
-0.014640056765677069	7.15626649613112	1
0.01238211285366266	7.156395199512968	1
0.009413544058573937	7.156651078737588	1
0.02064413296317117	7.155513023740857	1
-0.0006743485137893888	7.15709828185913	1
0.015534469552346518	7.15608150549746	1
-0.001962525004982607	7.157082538668602	1
-0.019641162321484627	7.155743196760739	1
0.005237028744450955	7.156919139170222	1
0.0025785834887687782	7.157017360401224	1
-3.226656406775605e-05	7.157049681871141	1
0.0012701968842952279	7.157041801184836	1
0.003898902101744072	7.1569764321654015	1
-0.008058913351428304	7.156751362139836	1
-0.005303942048109197	7.156915875475718	1
-0.012457939320062717	7.156388104857267	1
-0.00396478283345923	7.156973975783425	1
-0.00666685774232614	7.156841594368262	1
-0.010950123204680199	7.156524243077443	1
-0.00948513760621457	7.156645463903116	1
-0.0013348808502912477	7.157040979134894	1
-0.015615143427913229	7.156073031194166	1
-0.017269151115876166	7.155895255421081	1
-0.014012036632942645	7.156237520316329	1
-0.0026437183159369673	7.157015718737204	1
-0.024395194631137186	7.155066690652201	1
-0.020732474460500687	7.155502735435771	1
-0.022540171261252753	7.155289669449165	1
0.025488184257891264	7.154765284744193	1
0.023605126965268484	7.154998111538393	1
-0.026293018424455937	7.154834911716057	1
0.021766177871804664	7.155222765871777	1
0.007387151077760606	7.156689920545765	1
-0.018974987327183574	7.155704893445142	1
0.00599450112256559	7.156776846762554	1
0.019975072639386277	7.155437848852871	1
0.011770162330213696	7.156330485409271	1
0.001949916858903844	7.156934175935875	1
0.003281479514847788	7.156899207857829	1
0.004627769094576019	7.156846698623931	1
0.01331372364147299	7.156179447650549	1
0.018234006684110925	7.155642110834627	1
0.016543824439182984	7.155834438273685	1
0.008810879704388564	7.156586260639317	1
-0.004695007566791952	7.156843641877421	1
0.01027045394186886	7.156466283478244	1
-0.006062897951298778	7.156772936516157	1
0.0006271969253865511	7.156951472117082	1
0.014904187355816322	7.156013842129725	1
-0.011845635108854911	7.156323350454534	1
-0.013391456080211077	7.156171573778902	1
-0.01498431134454042	7.156005265134014	1
-0.0183191365749985	7.1556322555019225	1
-0.020062713942079674	7.155427429674594	1
-0.0020156820535634857	7.156932857700825	1
-0.016626430229463734	7.15582519897571	1
-0.02369749271043733	7.154986747702539	1
-0.008882367420758121	7.156580692545942	1
-0.0033478373766215063	7.15689701625058	1
-0.007456970195236572	7.156685171960025	1
-0.021856255032954117	7.155211841500148	1
0.019315601639028086	7.155329866454607	1
-0.01034383489075793	7.156459918567108	1
0.02291699982287471	7.154886944147999	1
-0.0006926641175950494	7.156951032161892	1
0.024785972146210585	7.15465312924993	1
0.014280791615519737	7.155910118866212	1
0.017587947394286225	7.1555358252731605	1
0.021092504942878322	7.155113077843632	1
0.015909922824985993	7.155729633168957	1
-0.025582609594492083	7.154753554944826	1
0.012698843410178707	7.156076248904082	1
0.008206991071592845	7.156480026234141	1
0.005383982280052695	7.156663825785349	1
-3.319285167942397e-05	7.156811745875911	1
0.004009408014707913	7.156728674942121	1
0.0067814310704058895	7.156580815136275	1
-0.002719164312606605	7.156773206807595	1
0.0026521917553956583	7.156775068777565	1
-0.006851410135334658	7.156576233091387	1
0.009665541601712336	7.156361935479079	1
-0.011236742903713752	7.156220008779128	1
-0.0013731436498667115	7.156801866964203	1
-0.008278494216431146	7.156474574304257	1
-0.0040771078020523325	7.156725892318132	1
-0.009738800014811566	7.156355639788685	1
-0.005452688273840941	7.156660135016871	1
-0.01599196169339509	7.155720328453169	1
-0.024879721019873836	7.154641368387293	1
0.011161522096237378	7.156227117114941	1
-0.01767243829743828	7.155525889298863	1
-0.012776205094226091	7.156068364336856	1
-0.023008652992222833	7.154875517426274	1
0.02042739510673973	7.154972639365398	1
-0.019402553267847643	7.155319361090136	1
0.024091379228937306	7.154512255419883	1
0.02223726443129126	7.154746112882912	1
0.01366203271689181	7.155770336710035	1
0.01208675992848271	7.155935522342626	1
0.01866433927154372	7.1551899297147425	1
-0.014360439023702386	7.155901500143936	1
0.007599094002824864	7.1563317956227195	1
0.006169143291532327	7.156428256905071	1
0.0020083091998347956	7.156603424005471	1
0.010553595646083247	7.156084730933515	1
0.016949284274263097	7.155396286019949	1
0.0013066108121001663	7.156802800007394	1
-0.0007134675569486082	7.1566222345080845	1
0.0006460355664506357	7.156622725580533	1
-0.002076029964314051	7.156601953283106	1
-0.003447445319959317	7.1565619852116376	1
0.004764254322251904	7.156505937813875	1
0.0033791504247596624	7.1565644280751055	1
0.009059060967564727	7.156217074807007	1
-0.004833401823813612	7.156502535404266	1
0.01528220820344963	7.15559019985716	1
-0.006239411436023281	7.156423912751827	1
-0.00913231404973863	7.156210922317975	1
-0.007670736686465954	7.156326532908071	1
-0.02118186659779197	7.155102072729974	1
-0.012163848191020446	7.155927700549364	1
-0.010628672802044112	7.156077723342897	1
-0.015363748577682962	7.1555808993512775	1
-0.017033186302729684	7.155386335762165	1
-0.013741287640564395	7.155761748243567	1
-0.02051604573796379	7.154961610336868	1
-0.018750630124188625	7.15517940027897	1
0.023403655750123355	7.154344717565335	1
0.021564730150203795	7.154577258420583	1
-0.022328181542173177	7.154734673685114	1
-0.024184396232756537	7.154500506255999	1
0.01801939759173487	7.155018999122838	1
0.014658306360941852	7.155416596628306	1
0.01976928029007931	7.154802727520103	1
0.011474792609861622	7.155757385726828	1
0.016315862070692192	7.155224181370037	1
0.0099436096996218	7.155903331346984	1
0.013045362306890258	7.155594764282202	1
0.00844818373651866	7.156031629300971	1
0.0069843414295136345	7.156141455954725	1
0.005547457172621966	7.156232127836439	1
0.00413253785212356	7.156303095004057	1
0.0013472583141853134	7.156384352488159	1
0.002734302555250826	7.156353935737873	1
-3.4227055176215704e-05	7.156394169025518	1
-0.002803321292653704	7.156351894185101	1
-0.004202255854812477	7.1563000475057885	1
-0.0014158540142984424	7.156383328756876	1
-0.005618141890385494	7.156228092348489	1
-0.008521550556594929	7.1560256969423826	1
-0.007056247855277296	7.1561364566849885	1
-0.010018655218583472	7.1558965033745965	1
-0.011551710391494241	7.155749706762608	1
-0.01312431646725103	7.155586286532515	1
-0.014739426442790044	7.155407380400025	1
-0.01810507114961583	7.15500852236237	1
-0.0198572416932593	7.154791748301243	1
-0.016399237420402734	7.155214295672196	1
-0.021654908032563636	7.154565876459612	1
-0.023495909106688594	7.154333044733871	1
0.02089764055936216	7.154382251440217	1
0.022721400528375103	7.154152742327949	1
0.01911610605642563	7.154604904546025	1
0.017378476406257618	7.154818373446229	1
0.015685182917531085	7.155020589430106	1
0.01242801811873434	7.155384159912533	1
0.007830043414859586	7.155806163750691	1
0.000666707462628809	7.1561188297717635	1
-0.0007362951979427922	7.156118300146196	1
-0.002142219150208109	7.156096432014024	1
-0.0035565939122356124	7.156053367326013	1
-0.004984840012556337	7.155989387903665	1
0.004913615618912974	7.155993047057725	1
-0.0079036421055762	7.155800528952224	1
0.003486182526495014	7.15605599827963	1
0.006359904157195204	7.155909581018179	1
0.0020723556875805915	7.1560980174623685	1
-0.010936960189927934	7.155535043695563	1
-0.0064321958562049706	7.155904918120561	1
-0.01576810250850257	7.155010857096912	1
0.014035566361824939	7.155209721935477	1
-0.019203413534799832	7.154594063075724	1
-0.012506767811160656	7.155375879376001	1
0.009328695794269624	7.15568351061261	1
0.018465424664288257	7.154381257314169	1
-0.017463587171650034	7.154808038146223	1
0.01673895254808583	7.154589925914608	1
-0.009403822527228706	7.155676943447811	1
-0.020987092264065293	7.154371012936013	1
-0.014116350937940371	7.155200678017838	1
-0.022812877663127253	7.154141229399829	1
0.0150544926305173	7.154787211755078	1
0.01341114459830248	7.154971146187916	1
0.0202337711872979	7.154163436187297	1
0.010239797745209785	7.155292277478384	1
0.011807106456900713	7.15514000226103	1
0.010860107282643819	7.15554249561866	1
0.008705971511149055	7.155426678963632	1
0.00720181679036954	7.155542110816913	1
0.005723053141652054	7.1556376634888395	1
0.004265018637225295	7.155712605025845	1
-3.5342116746154324e-05	7.1558089717154685	1
0.0013910741242722509	7.155798574503823	1
0.0028227525805796113	7.155766374067765	1
-0.0014618924165294203	7.155797490356585	1
-0.004336898585698845	7.155709384130592	1
-0.005795846154875839	7.155633406027389	1
-0.0028939712508754974	7.1557642136413175	1
-0.00878129028975283	7.155420453661915	1
-0.007275761722816656	7.155536849011086	1
-0.010316691140836628	7.155285138547862	1
-0.01513703287808633	7.154777729137773	1
-0.016823562649282038	7.154579830451098	1
-0.01855212343293887	7.154370653246218	1
-0.011885749562209278	7.155132009069056	1
-0.013491681945873026	7.1549623681801195	1
0.019570520818144498	7.153923881325696	1
-0.020322522150833217	7.154152441295324	1
0.017814482998594575	7.1541346452459225	1
0.01609796522518594	7.154336349951709	1
0.014420864199616676	7.1545266176046916	1
0.012782087099807927	7.154703355213295	1
0.011179683954401904	7.1548647336441284	1
0.00807262290138433	7.155135309578662	1
0.009610967570070728	7.15500916949648	1
0.005071244832107273	7.155328364059258	1
0.00656080754087811	7.1552420177662714	1
0.003599310965535038	7.15539361568624	1
-0.000760458415832926	7.155458299701656	1
-0.005144646793376023	7.155324574540749	1
-0.011258316963168293	7.154857119154138	1
-0.012862465935663618	7.154694939905176	1
-0.006635206427305116	7.155237199788177	1
-0.017900624736930385	7.154124387576965	1
-0.016182141132107353	7.154326599935385	1
-0.019658605216727555	7.153913241730985	1
0.01716030714684302	7.153868961212786	1
0.013781280125706348	7.154242503274659	1
-0.009688003647073815	7.155002428791772	1
-0.00814823963795137	7.155129504540384	1
-0.0022122451545836005	7.155435583638623	1
0.008970813742240081	7.154696884616893	1
-0.014503103861343288	7.154517486243375	1
0.015452499142789487	7.154061418943047	1
0.005904533594896632	7.154909813560986	1
0.004402211232398506	7.1549857820539104	1
-0.003671952165147693	7.1553908864272815	1
0.001436548214791605	7.155073135316581	1
-3.6499681268271774e-05	7.155083714428218	1
0.0029144754034747125	7.155040391293105	1
-0.004476318304253006	7.154982513542854	1
-0.005979484472219496	7.154905502890658	1
0.0006885890785257201	7.155458850020204	1
0.007425989706360883	7.154813202810507	1
0.01214541171242265	7.154410009827467	1
0.010542840193186291	7.154562020504351	1
-0.01222571813568371	7.15440205479641	1
-0.010621555194429961	7.154554874830913	1
-0.00298797023317874	7.1550381954718505	1
0.0021401173019768385	7.155437230135871	1
-0.0015096719152107505	7.155072032380668	1
-0.007502002402296779	7.15480789113471	1
-0.00904808853432381	7.154690624102965	1
-0.013863297172257242	7.154233827545898	1
-0.01724594664132724	7.153859165985028	1
-0.015536308438596373	7.154052124902324	1
0.014799467043412517	7.153770264819191	1
0.013132715220690988	7.153939971279219	1
0.009893782802389362	7.154237035847435	1
0.008316713765755662	7.154360695624336	1
0.011498191758026683	7.154096226303531	1
-0.0022833578464467614	7.154657409649544	1
0.003714056452124926	7.1546157526496525	1
0.005230819957008941	7.154551101322765	1
-0.00530640800082578	7.154547351110754	1
-0.003788950062962812	7.154613045630314	1
-0.00839431404471408	7.154354991300431	1
0.0007108249058710552	7.154680528492673	1
0.006763655038586066	7.154465774611765	1
-0.006840150651806176	7.1544610212682525	1
-0.0007850123982430061	7.154679981461164	1
0.002208933688682391	7.154659045126926	1
-0.013214583679413274	7.153931855998058	1
-0.014882975199176127	7.1537615398719065	1
-0.009972664387478977	7.1542304452795324	1
0.010837642827030074	7.1537688830219	1
0.009229926718647368	7.153896768992226	1
0.007646317966770997	7.154007748721865	1
-0.01157850613636594	7.154088827431657	1
0.006083541309282681	7.1541003746828435	1
0.004537898855513033	7.154173481814129	1
0.0014816569623972715	7.154257828042549	1
-3.7648347905446106e-05	7.154268062951113	1
0.0030053616909235356	7.154226176479096	1
-0.0015570658140706905	7.154256761236682	1
-0.00308110501740568	7.154224055394966	1
-0.004614192970567186	7.1541703316240115	1
-0.006160592428021313	7.154096233439619	1
-0.007724317975424868	7.154002667716881	1
-0.009309048749312755	7.153890813239918	1
-0.005461675625865608	7.153723150648126	1
-0.007036106831122594	7.153643009126361	1
-0.0023519349595365197	7.1538258576133975	1
-0.000808712701353115	7.153846993135691	1
0.002275300826922993	7.1538273882219	1
-0.0039015683966464806	7.1537843865564925	1
0.005384014359999724	7.153726640611166	1
0.0007322881260812785	7.153847505652885	1
0.006957648865865714	7.153647411731744	1
-0.010918036575495494	7.153762131878093	1
0.0038245192689374983	7.1537869143623505	1
