-0.000998465026752305	0.01743807164701687	1
0.007404633088432334	0.016585080992326022	1
0.0019306794370497879	0.017494368355612747	1
0.003937347315743229	0.017727392786977617	1
0.0009500491488996496	0.017436110430514205	1
0.002314265928860047	0.01565448642707648	1
0.0013725881111109658	0.015578447094531449	1
0.0004410827116884447	0.01554079035793971	1
-0.00048713485682260697	0.01554174858709424	1
-0.0014189829969394362	0.015581315884712893	1
-0.0023613427632665366	0.01565924802377788	1
-0.0033209861446123505	0.015775059855844663	1
-0.004304502723107097	0.015928020150401578	1
-0.005318223610058521	0.016117143785771584	1
-0.006368141504192773	0.01634118117074325	1
-0.0074598256401653285	0.016598604731523258	1
0.008766142424259778	0.015225343773361703	1
0.004255076531737037	0.015919574704438347	1
0.0032728952718655883	0.01576843525282432	1
-0.001979586669301113	0.01749827761749998	1
0.006563116880017978	0.01466749923772736	1
0.005533300737217889	0.014435583368704772	1
0.00631514355846453	0.01632927237901687	1
-0.003988192154607498	0.0177351051000596	1
0.005267155482320176	0.016106932474730003	1
-0.0029740323916074883	0.017597514561047994	1
-2.4125739953572757e-05	0.017417302822006056	1
0.0076390197734911	0.014931337733201393	1
0.0029243123941742025	0.017591683735931347	1
0.004543901392274969	0.014237073895502874	1
0.003588803107631479	0.014073199501788949	1
-2.1915861090230877e-05	0.013780369723439505	1
0.0026615287211746827	0.013944947101096167	1
0.0017553185390122164	0.01385307245140833	1
0.0008632049840781752	0.013798108234298853	1
-0.004592098345357045	0.01424610960526974	1
-0.0017998607037749829	0.013856761671500064	1
-0.0055833608928242155	0.014446306455275896	1
-0.008823443956606116	0.015240671301234705	1
-0.006615332595619165	0.014679842263746615	1
-0.007693658993275228	0.014945220216241511	1
-0.003635449280699467	0.014080492708438579	1
0.010167605038007496	0.014009910737776382	1
-0.0009072147406196158	0.013799958129328925	1
0.007862701734308664	0.013390623079547062	1
-0.0027069525582903912	0.013950454394307506	1
0.0029770866432413416	0.012364881980884652	1
0.006796170135374318	0.013122612557368801	1
0.00480932237636678	0.012678345997084577	1
0.00578028014759182	0.012884705721885985	1
0.008985019953998499	0.013687043474202135	1
0.001245812513971727	0.012189296202622322	1
0.003877114692008625	0.012504742259799752	1
-0.00044195377209540896	0.012155407659536297	1
0.0021023579802343256	0.012259541871769402	1
0.0004001684453844978	0.012154522920267988	1
-0.0021452415752266467	0.012263941962048625	1
-0.0030210586364525067	0.012371008848601381	1
-0.001287965021388029	0.012191945709194638	1
0.01164579083869723	0.012913771769973822	1
0.01039093439523901	0.012572134759995789	1
-0.006847813663449437	0.01313520488204024	1
0.009204374018838285	0.012252916658813803	1
-0.007916995150916666	0.01340466609276145	1
0.006014376794661096	0.01144987223052314	1
0.011414161674697481	0.014356970616162418	1
0.007020866851396345	0.01169003720696451	1
0.004143456722480238	0.011059072877610475	1
-0.010227878505549409	0.014026568774347683	1
0.005057310832521693	0.011239158171669584	1
-0.0039225223774029564	0.012512562222961996	1
0.0015932784872268243	0.010711392411760685	1
-0.011477688007237924	0.014374764016861042	1
-0.004856499461268269	0.012687815138242091	1
0.008082492925754033	0.011958259951656698	1
0.003266186817455001	0.010910591742778315	1
-0.009042201933867042	0.013702446355664514	1
-0.0058295429788993115	0.012895769416385833	1
0.002418536659054369	0.010794498256220678	1
-0.004187850025771424	0.011067264597075181	1
-0.007072161349768922	0.011702687763645761	1
-0.008136659721508392	0.011972261410975692	1
-0.00926164973123412	0.012268182196624676	1
0.0007829908024379507	0.010661697110653148	1
-0.010451518360803175	0.012588564693863017	1
-1.9874961560942757e-05	0.010645662654483308	1
-0.002459977427352197	0.010799481458198505	1
-0.0060630675800625745	0.011461096944303225	1
-0.0008229296529142985	0.010663369396542393	1
-0.0016337825401644016	0.010714728591816033	1
-0.0033089277985439425	0.010917196434977036	1
-0.005103693636627455	0.01124889315545812	1
0.009431343278003358	0.010916151114576052	1
0.004393890248768267	0.009729873659855648	1
0.003534582373463967	0.009575985719620613	1
0.002709265588918303	0.009452123082757398	1
0.001131166174488176	0.009296760384483798	1
0.0019106354002340106	0.009358897259792375	1
0.013235774501014996	0.011908924157615318	1
0.0003631770551530182	0.009266010024489327	1
-0.000401104432457204	0.009266792335895604	1
-0.0019497194572806519	0.009362790231037102	1
-0.002749497074570856	0.009457547057105595	1
-0.0035763292309517144	0.009582914178767518	1
-0.004437507687161338	0.009738272027607157	1
-0.0011694801345594036	0.009299103609396002	1
-0.0053400303109409596	0.009922834747965415	1
-0.0072951815317935376	0.010375547205823246	1
-0.011709839203088209	0.012931252425013806	1
-0.006290527249378405	0.010135641734710397	1
-0.009488933046670133	0.010931066926317927	1
0.007244003017485138	0.010363033281502843	1
-0.010687341942311412	0.011243338847051679	1
-0.011958311383963314	0.011575986837683022	1
0.010880745817684343	0.009967093923477251	1
0.010626236493722067	0.01122735758761205	1
-0.00835964284034429	0.010641207646599595	1
0.013527214942290576	0.010618008408737436	1
0.007472524164866656	0.009133048205211937	1
0.00624217188658565	0.010124441458072987	1
0.01216468499192906	0.010284412598543523	1
0.005526608174772294	0.008691494259902923	1
0.00830537502482059	0.010627451566904252	1
0.0029804218265371634	0.008224524221809162	1
0.009673095112675582	0.009668200487850569	1
0.008538418932255182	0.009389629283416348	1
0.005294203353243883	0.009913009476556859	1
0.01189354150115801	0.011559047355002117	1
-0.013304305825434709	0.011926700452577713	1
0.0037884254957901795	0.008352960516806802	1
0.0014499188724140836	0.008052369689589006	1
0.004634810751498023	0.008508870359050428	1
-0.002241360336344296	0.008128477881680576	1
0.002203451696114408	0.00812417154675192	1
-0.00557212749292458	0.008701228761665963	1
-0.006518721699544548	0.008910901902999849	1
-0.007523826634327233	0.009145228935628354	1
-0.008593020875124563	0.009402936356858007	1
-0.004677902101681919	0.008517302828965744	1
-0.009731223286350529	0.009682556300399964	1
-0.013596843547438401	0.010634930692246752	1
0.01532243201930014	0.009718057960781939	1
0.013852999673966315	0.009393064111855132	1
0.012466330707668314	0.009080116911897222	1
-0.0030196919890705413	0.008230235183919955	1
0.011161595896388538	0.00878146090460425	1
0.008788711682126804	0.008234757809763446	1
0.009936755123490517	0.008499087332718026	1
0.007713449127204337	0.007990024905321448	1
0.005761320913634476	0.007564618726486272	1
-0.012230376898067817	0.010300588509872016	1
0.004872858963829433	0.0073861542132282465	1
0.0064704568131195095	0.008899915113022914	1
0.006706153187349209	0.007766250001890117	1
0.0017449668769222687	0.006919324107335585	1
0.004034172689674309	0.007231728413061875	1
-0.0007483820747055648	0.008010892134895859	1
0.00033122824213855355	0.006841185228361841	1
-0.0014868474634419846	0.00805525151642865	1
0.0007120445043430414	0.008009447954226647	1
-0.0038294279194490567	0.008360049270940152	1
-1.807003357700235e-05	0.007995601246050655	1
-0.010942586283100459	0.00998240998407943	1
-0.0003658234323671007	0.006841843193033232	1
0.0032382475023060857	0.0071020716312069744	1
0.0010321322043677535	0.006867049586018959	1
-0.0010671290845510524	0.006869020633555685	1
0.002477723832990297	0.006997780442527054	1
-0.006754578042723817	0.007776832730511023	1
-0.004074690206121386	0.007238807131632208	1
-0.0017807642281705872	0.006922599668172625	1
-0.009995647175936347	0.008512676690315609	1
-0.01253314307985132	0.00909531441305693	1
-0.013923906829107227	0.00940891400227793	1
0.015719797600219836	0.008521794233192563	1
-0.004915682368295467	0.007394443178672557	1
0.014219887296807803	0.008223447135433253	1
-0.0058067877246965405	0.0075740781144071154	1
0.01147575193515946	0.0076594473345122285	1
0.01022933890327364	0.007397672674986811	1
-0.015397440553759202	0.009734441891579538	1
0.006956238681006578	0.006712133022843593	1
-0.008843883477052285	0.008247414264258677	1
0.006005247309040691	0.006521079231035235	1
0.0051148399493550776	0.006350464305109344	1
0.007973798409645011	0.006922674256325062	1
0.012805359018015779	0.007935313540162879	1
0.009063286790640735	0.007151605840474018	1
0.004278499603429653	0.006201104573869007	1
0.0034892597692638794	0.006073690240930028	1
-0.0025147145756505146	0.007002346133358935	1
0.002739780707376313	0.0059687928955217484	1
-0.011224384484900547	0.008795900903316433	1
-0.0032768156570704447	0.0071079071023693405	1
-0.0077651195599437745	0.008001676117795141	1
0.0013292988035741042	0.005828278212823752	1
0.002022420041882343	0.005886871680564627	1
0.0006523639321015442	0.005793260329766272	1
-1.6551814551662084e-05	0.005781964719439387	1
-0.0013632173488121967	0.005830629580674813	1
-0.002776121121547093	0.005973455975000124	1
-0.009119264013419035	0.00716341382161236	1
-0.0006856716450984702	0.0057944384726641915	1
-0.002057351888388896	0.005890386385505397	1
-0.010289218589263198	0.007410294613358462	1
-0.012873485154278965	0.007949326925483202	1
-0.005157659218169439	0.0063584292566225675	1
-0.007005076764513966	0.006722121514061566	1
0.016167738143517792	0.007365480246356016	1
-0.008026082169154436	0.006933601691805078	1
-0.014292247220969423	0.008238017322567199	1
-0.01579637807883563	0.008536812975964732	1
-0.011539698376722108	0.00767280768661347	1
-0.0035273937845039373	0.006079481498643759	1
-0.006050920990816167	0.006530077907727305	1
-0.004318798837067532	0.006207998364007485	1
0.011829942839305019	0.006589157275332832	1
0.009369056237467074	0.006127989058394566	1
0.014634273281130835	0.007097695661270267	1
0.010557684332872238	0.006351898957543957	1
0.013188352401332369	0.006838304521690982	1
0.008260525289920866	0.005918718832379135	1
0.006265330910300052	0.005548509597869837	1
0.007227676692466586	0.0057252263566633915	1
-0.0003370396113562013	0.004820332235409024	1
0.00030516304423114463	0.004819814891252674	1
-0.0009836164788121664	0.004841702394696949	1
-0.0030321628398780063	0.00502963749545463	1
0.0016097604850152918	0.004881262683451251	1
-0.0016428734413103149	0.004883838948164477	1
0.0022886893523250116	0.004942978187839505	1
0.002996197799924972	0.005025044600518519	1
-0.002323030290463565	0.004946570226976004	1
0.005367648259400608	0.005389437707654705	1
0.0009513268524052754	0.004840152449025697	1
0.004528223097211316	0.005248760733328897	1
-0.005410730310502734	0.00539689723393271	1
-0.011895250509515004	0.00660124334202819	1
0.003740169209006253	0.005127117900698909	1
-0.003778142898366822	0.005132692199840023	1
-0.004568575197658745	0.005255292243716416	1
-0.00631147251686137	0.005556862624682943	1
0.015102114873876507	0.006003759530311066	1
-0.009426071577938063	0.006138756195132609	1
0.013621523128458931	0.005776766970284487	1
-0.0106187708447885	0.00636335969345088	1
0.012230590956475383	0.005558034011283157	1
0.010928382717457009	0.005349012397826986	1
0.009712742373371958	0.005150991573518633	1
0.016671906394999544	0.00623737996408967	1
-0.01470824980110134	0.007110791573386047	1
-0.007277181476011414	0.00573443266948504	1
-0.013257977311844594	0.006850938878551941	1
0.007527348050697524	0.004792389062367834	1
0.008580447907256582	0.00496511409627253	1
0.004790228514544634	0.004361451911920759	1
0.006548483845174886	0.004633703773031955	1
0.005638197223535551	0.004489833841978091	1
-0.008313666438267637	0.005928732070882827	1
0.0039978045372923675	0.004249135122032111	1
-0.0019125924169139641	0.004015679650107483	1
-0.0025844357409423513	0.00407806760754649	1
-0.016246030076936365	0.007378940226753551	1
0.001234431713456198	0.003969046229763011	1
-0.003289588264655789	0.004157723130522961	1
-0.004035895192638196	0.004254317750262478	1
-1.5357971537216113e-05	0.003934278595034029	1
0.0018800045320331244	0.004013040394095938	1
0.002550404800186551	0.004074564997648514	1
0.0032537187556209175	0.004153371445620517	1
-0.0056818096089952	0.004496607530865909	1
0.0006054322658900884	0.003942757727011836	1
-0.009771022874310023	0.005160532732962966	1
-0.007577770649846397	0.004800629291652417	1
-0.0012659819204636678	0.003970811553288797	1
-0.0006363571170673485	0.003943642127279816	1
-0.015177857924819222	0.006015201173189769	1
-0.00863468655286132	0.004974028327852141	1
-0.01099088778771237	0.005359127081831676	1
-0.012297453812520514	0.005568661865259651	1
-0.01369282027200794	0.0057878399730412426	1
0.010100808092576692	0.004207171203722348	1
0.017237357205702186	0.005125428679195708	1
0.007861983061555344	0.003899880550132286	1
-0.00483090669698599	0.004367443304113585	1
0.005933350590866898	0.003637738662423579	1
0.008940180668827609	0.004048252454845393	1
0.006861518938283411	0.0037628193432777905	1
-0.016752032817368246	0.006249104309748009	1
0.002146710487567031	0.003209774186120971	1
0.0015082354962364943	0.0031662064697251884	1
0.0008906608050293928	0.003137189720646569	1
0.00028559568537919993	0.0031228363050785878	1
0.01134770709529412	0.004375770157192045	1
-0.0003154313163389611	0.0031232014139895062	1
0.004269041680389176	0.0034257724487819297	1
0.0028143397402884797	0.003267722137879581	1
0.005071400308262585	0.003525221884604349	1
-0.0021790591429465445	0.0032123102348790493	1
-0.0035552387037993925	0.003343757422422697	1
-0.0009209175331668606	0.003138283646686036	1
-0.005112677456752927	0.0035304967262072087	1
-0.0028483455061822766	0.0032709656954949353	1
0.0035191823733303237	0.003339819412202996	1
-0.005977759059604535	0.0036436489544104437	1
-0.007913569648333086	0.00390697664140017	1
0.014110635764823253	0.004737966126586963	1
-0.0015393317150066079	0.003168024995985028	1
-0.004307527694027134	0.0034303886728783727	1
-0.006909373721555094	0.003769338093396146	1
0.01562884953369366	0.004929217363552725	1
-0.0065953535969192215	0.00464122871423868	1
-0.011411831989204606	0.004384364737773671	1
0.012683737847271209	0.004553069796867949	1
-0.010160572311335644	0.004215310323726043	1
-0.01418376360310504	0.00474731001385053	1
-0.008995750267244045	0.00405589029596349	1
-0.012752337219580882	0.0045620681342711895	1
-0.015706491435758523	0.004938841382022907	1
-0.01731942062839662	0.005135259386332257	1
0.01621930497021685	0.003861486602293812	1
0.00537855430571607	0.0027255924560330488	1
0.006259854844531134	0.002818753662994706	1
0.017868451118216312	0.004017449087361943	1
0.004560735455402361	0.0026425005931693425	1
0.003799453172283659	0.002569836163776485	1
0.010539383600373008	0.0032827535169797986	1
0.009346063324341871	0.0031541550924493785	1
0.008238092251993302	0.003033550853184356	1
0.00721108152564347	0.0029215668711679525	1
0.014660922660347664	0.003708960236016298	1
0.013194964325506103	0.003561006381363804	1
0.011821536013448184	0.003418637268076367	1
-1.4515386044030834e-05	0.0023662749004978475	1
0.001167468167272253	0.0023887433412905497	1
0.0024166768987412637	0.0024569486420572585	1
0.000572307993189568	0.0023717542935180946	1
-0.0038359788733276076	0.0025731885226847355	1
-0.003121606829912383	0.002510715935431394	1
-0.0024490751646317945	0.0024592130348812615	1
-0.001810393530158502	0.0024188836221440166	1
-0.0011973461894799811	0.0023898842356241024	1
0.0017794614685590635	0.0024171776967811215	1
-0.0006015509113748064	0.002372325819350784	1
-0.006305320893252599	0.002823627706790657	1
-0.005420700591604465	0.0027299775865477893	1
-0.0045998939838146615	0.0026463775487800714	1
0.0030873398138434745	0.0025079019345912966	1
-0.007260172352870853	0.0029269075142277557	1
-0.00829108139934987	0.003039332480002529	1
-0.013265465503570996	0.003568218631380613	1
-0.011887468354944244	0.003425550517005386	1
0.01687759866805109	0.002788031419101296	1
-0.010600838638763658	0.0032893255655793148	1
0.011034188047198999	0.0023638192260297722	1
-0.009403187880049275	0.00316034849643783	1
0.009804086028979734	0.002268656133576344	1
0.012355270974883308	0.0024639779686238482	1
-0.01629895640991877	0.003869148619927845	1
-0.014736020964080753	0.003716424024406382	1
0.015276990438453321	0.002676802081436823	1
0.008661894165378813	0.0021790222279456455	1
0.004879652193171022	0.0018844079494832761	1
0.01376930288643115	0.002568531037703802	1
0.006624270563104271	0.0020181742421557353	1
0.0008514534262396237	0.0016661605014841995	1
0.005718369976233803	0.001947741109065004	1
0.007603579335904295	0.0020953895708067847	1
0.0026967518289136394	0.001739550631747466	1
0.0020549279426164955	0.0017069668796745924	1
-0.0027294892903259684	0.001741374620517673	1
0.003376254687895296	0.0017800979746238719	1
-0.0008803961702910712	0.001666775437613025	1
-0.0014724071359964279	0.0016834948444867368	1
-0.0049197568158289825	0.0018873765240035284	1
0.00027295029866130537	0.0016580920856890087	1
-0.0057616504448439135	0.001951068527493025	1
-0.0020859878134933804	0.0017083927724819605	1
-0.0003014669584909237	0.0016582973187280173	1
-0.0034110687198734935	0.0017823129472887816	1
-0.004138629362490285	0.0018310461095060882	1
-0.007654148716880922	0.002099388320425852	1
-0.008716514071667677	0.0021833287810377514	1
-0.009862977144039446	0.002273248445286833	1
-0.011097526392137982	0.002368672339191936	1
-0.0066710489276904225	0.0020218458011941162	1
0.004101353835927662	0.0018284489985928758	1
-0.012423181343685684	0.002469063720913657	1
-0.016959344305335303	0.0027936087181686174	1
0.011590444187682297	0.0014364893412144994	1
0.010319808633017345	0.0013775834677057647	1
0.008045108783480312	0.0012696375673029012	1
0.007032901203946184	0.0012211616499596943	1
0.015962715275408663	0.0016287419207827345	1
0.01441114046079085	0.0015624727085642243	1
-0.015354176273031843	0.0026822540743136687	1
-0.01384185143261438	0.0025738177254814513	1
0.004431597911813089	0.001100433430262588	1
0.012953745616308939	0.001498245943278195	1
0.005232401694849931	0.001136369720173011	1
0.006097321090895407	0.0011766712478347339	1
0.00368787096351023	0.001069013701968337	1
0.002993765450769149	0.0010422384806165284	1
0.0023414800344031127	0.0010202137241657832	1
0.001722932870397908	0.001003024546060112	1
0.001129822822691601	0.0009907361270677301	1
0.0005536873949175482	0.0009833944098454432	1
0.009139238507679911	0.001321866361409065	1
-1.4041740929083871e-05	0.000981026586517867	1
0.01760702451246306	0.0016965734128853624	1
-0.0005819847866510807	0.0009836413864809227	1
-0.002372959605434979	0.001021192456157636	1
-0.001158760628417595	0.0009912291686810205	1
-0.009195704047207572	0.001324549101098148	1
-0.004469899309533991	0.0011021099821319164	1
-0.003027130212506956	0.001043454927077749	1
-0.0116558403008843	0.001439487194532664	1
-0.001752933627861614	0.0010037618196987812	1
-0.01604207858668355	0.001632072578234975	1
-0.014485858179363476	0.001565714133409621	1
-0.007081237242080558	0.0012234731089710584	1
-0.005273720021929451	0.001138266477417509	1
0.013621124470614553	0.0005081779558451817	1
0.01672112447272774	0.0005524366506109077	1
0.015124109187402384	0.0005300029101388043	1
-0.008097387956578985	0.0012721408377203034	1
0.00854137594314887	0.00042974083224780893	1
-0.006141993168991959	0.0011787800707524982	1
0.007491717634896458	0.000412912558838333	1
0.001442614874505867	0.0016824725023158896	1
0.009675522840204549	0.0004477813469221578	1
-0.013023783849579345	0.0015013756101390366	1
-0.003723514858113491	0.0010704631088221922	1
0.006521603142407748	0.0003973790428452013	1
-0.010380662344957076	0.0013804316756353596	1
0.005625366916799542	0.00038321264426621787	1
0.0002674856918410481	0.0003249792440982515	1
0.012212784054764066	0.0004871124382083019	1
-0.0002954323642564979	0.00032502049310110143	1
-0.0008628846616680854	0.0003267244924715737	1
-0.0014434837010993914	0.00033008497575053464	1
0.002015258189945693	0.0003348028816865087	1
-0.0026781116743798392	0.00034171928918765715	1
0.010898272301071666	0.00046694048507393864	1
-0.0033487395575236044	0.0003499490840333552	1
-0.004065596041567171	0.00035974682256905885	1
0.0026459227896404184	0.00034135263103750535	1
0.0033144631125718613	0.0003495037915716512	1
-0.00656791401758821	0.00039811758309685343	1
0.004028844659114237	0.00035922465006135067	1
0.0014142550824698447	0.00032987948891499165	1
-0.002045760829682489	0.00033508949506310504	1
-0.0048363176950454115	0.0003710733201642175	1
-0.005668158098726359	0.0003838818401479516	1
0.000834509797606145	0.00032660089677802507	1
0.017554261454005737	-0.0005638297609499152	1
0.00479672117477969	0.00037047638460210164	1
0.01591096257791512	-0.0005411537929385245	1
-0.012280390643281004	0.00048813691400204345	1
-0.013693415594837426	0.0005092433761762888	1
0.011543901369431933	-0.00047690698201321795	1
0.010275600854122562	-0.0004572274015525679	1
-0.01680272318225395	0.0005535618963305259	1
0.008006276641746423	-0.00042116975967036784	1
0.014360788895244449	-0.0005190045109735319	1
-0.015201089666918553	0.0005311022091717813	1
-0.007541844548512702	0.00041371708194522943	1
0.006064629733156194	-0.0003901208049342537	1
-0.01096126564719089	0.00046791772911540947	1
0.0029749540942632497	-0.00034522985474275526	1
0.005203010040742012	-0.0003766621530526348	1
0.01290514340690506	-0.0004975415175791157	1
0.006997055821747462	-0.0004049792058006281	1
-0.008595581911644924	0.00043060749338923014	1
0.00909761034683517	-0.00043861513832480533	1
0.004405631679976578	-0.0003646618728011607	1
0.0011222562820215594	-0.0003280336881431937	1
-0.009734032381471547	0.00044870577421796565	1
0.0005499448320415368	-0.0003255824366584806	1
-1.394654351934022e-05	-0.000324791872356414	1
-0.000578052178743646	-0.0003256648968607268	1
-0.0017413839454082942	-0.00033238275350816536	1
-0.0023576591421586284	-0.00033820265694774394	1
-0.0011510050957772482	-0.00032819830551569177	1
-0.003700903785178387	-0.0003546542377561584	1
-0.004443760563134611	-0.00036522171497904455	1
-0.005244161638572711	-0.0003772955567432383	1
-0.008058412483978903	-0.0004220058642381872	1
-0.0030081373926045024	-0.0003456360274462333	1
0.0036654372987861617	-0.00035417026380792245	1
0.0023263642949773343	-0.0003378758657306477	1
0.001711570412439378	-0.00033213658823330085	1
-0.006109141822466454	-0.00039082506452356946	1
-0.007045239641480593	-0.00040575118692470015	1
-0.009153942661291237	-0.00043951126385662433	1
-0.014435428604655659	-0.0005200878058283217	1
0.016773434043282	-0.0016624946014653942	1
-0.012975087298479543	-0.0004985872982935855	1
-0.01599026621457775	-0.0005422671147106326	1
0.010943680041329767	-0.001406657989218215	1
0.01367064240403738	-0.0015300761241029913	1
-0.010336332781695533	-0.0004581788941657173	1
0.015175207396950417	-0.0015953807227951967	1
0.009718469558148457	-0.0013493067384494131	1
0.006555891030328123	-0.0011984048917460502	1
0.012260393090670757	-0.0014670340386782766	1
0.005656425349903434	-0.0011559852437130948	1
0.008581631485868001	-0.0012952986080911149	1
0.004824414641852937	-0.0011178458967342833	1
0.0040530568877486855	-0.0010841504689586695	1
0.00333509579325927	-0.0010550384047818455	1
0.002028503544910499	-0.0010110101560222035	1
0.0002693102124588407	-0.0009815877851681474	1
0.0008401669593908555	-0.0009864447960975455	1
-0.003369551775874685	-0.0010563719906982333	1
-0.01160918860806194	-0.00047790858227389363	1
-0.004089983339492233	-0.001085714243889097	1
-0.004864180899202185	-0.0011196334918168514	1
-0.005699380014640709	-0.0011579891295980481	1
0.007529078724606636	-0.0012449152437585384	1
-0.007579353558478292	-0.0012473240533165955	1
0.0014237239915361997	-0.0009962644260691142	1
-0.009777106778950856	-0.001352074072163073	1
-0.000297447192304394	-0.0009817113303507272	1
-0.008635975891523753	-0.001297893256039053	1
-0.015252256982357066	-0.0015986697445409506	1
-0.013743019940644245	-0.001533264325097382	1
-0.01100678890968142	-0.001409583118567389	1
-0.006602358142987568	-0.0012006162959443836	1
-0.01232810150068012	-0.0014701001613507754	1
0.016065787140048346	-0.0027320979497015567	1
-0.01685508243819161	-0.0016658605803516148	1
0.017712074243398216	-0.0028444929491191293	1
0.0026628945070365133	-0.0010306264979211854	1
0.008122538281599178	-0.0021364284854563627	1
-0.0008687314303833071	-0.00098681497642126	1
0.011683206285316	-0.002413310055005204	1
0.007104383239527614	-0.00205595578722172	1
0.009222232372834852	-0.0022231171558591196	1
0.014511449581301687	-0.0026222472346051334	1
0.010407932229969752	-0.0023155783669502154	1
0.005291024324520715	-0.0019151689102292163	1
0.013050592578298428	-0.002515745634116363	1
0.0044833920427080004	-0.0018554911730665272	1
0.0037326213998451264	-0.0018033093981939358	1
0.0011449185377430423	-0.0016732891433799547	1
-1.4231668680154769e-05	-0.001657159822780907	1
0.00237163536161192	-0.0017222546630640872	1
0.003031291951402952	-0.0017588380306165748	1
0.006162519718817887	-0.001982088980622067	1
-0.0014531408086912417	-0.0009968798710376738	1
0.0005611541293585514	-0.001661093241837661	1
-0.002059192251942688	-0.001011868565371495	1
-0.0017759754531710354	-0.0016949266497043479	1
-0.0005898306740587403	-0.0016615035172959736	1
0.001745601207673408	-0.0016937019514909968	1
-0.001174233381406005	-0.0016741081662943215	1
-0.002695266582359046	-0.001031724617206122	1
-0.003065018630254371	-0.0017608585066863675	1
-0.002403483398236016	-0.0017238803877074262	1
-0.005332674975814899	-0.0019183186108644478	1
-0.010469027995860273	-0.0023203043920121875	1
-0.007153022457435797	-0.002059793207824475	1
-0.004522037384193339	-0.0018582754687051382	1
-0.011748818523368208	-0.002418283220929351	1
-0.006207510583191032	-0.0019855904435585	1
-0.008175102784187949	-0.0021405837207617534	1
-0.0037686190668934348	-0.0018057166575299519	1
-0.009278962944687741	-0.0022275695194943538	1
-0.013120817747201667	-0.002520936052871715	1
-0.014586321431454984	-0.0026276212906990227	1
-0.016145267757482585	-0.0027376178875306843	1
0.017032702872215987	-0.003939114584457143	1
0.015428625704486682	-0.003784719810633267	1
0.004962132955477253	-0.0026827641365694166	1
0.006726346485698414	-0.0028689822869867325	1
0.009931814412182821	-0.0032174973030626554	1
0.007714773205936393	-0.0029764452297798036	1
0.00581085388594038	-0.0027709390359906224	1
0.0034377253607992472	-0.002537510918123656	1
0.012496732524316696	-0.003489064963060499	1
0.011169177026364333	-0.003349832483666394	1
0.004173478686435027	-0.002604844771309576	1
0.00878166366375195	-0.003092812719577866	1
0.01391634983957733	-0.003634345725781794	1
0.0020943978228576453	-0.002435654652055946	1
0.0027473213143409327	-0.0024810389548751473	1
0.0014708331987027833	-0.002401535599320544	1
0.0002783879140015559	-0.002367573579915199	1
-0.0021260119989465194	-0.002437640773164076	1
-0.000897820879940027	-0.002379669717772173	1
-0.00030747174342326194	-0.002367859477397002	1
-0.001501186231460577	-0.002402959689132269	1
-0.003473073887423558	-0.0025405956580509346	1
0.0008683130915822381	-0.002378813102564747	1
-0.005002742338331547	-0.0026868974052696127	1
-0.004211275150827644	-0.002608461311181472	1
-0.0027806043531620273	-0.0024835794060241124	1
-0.005854620139599581	-0.0027755712162356567	1
-0.0067735886533312134	-0.002874092619718567	1
-0.007765781155782671	-0.0029820097838009533	1
-0.008836693367356818	-0.0030988041227643856	1
-0.009991082685852613	-0.0032238844307269266	1
-0.012564941596864568	-0.0034961333036626916	1
-0.011232855644216767	-0.003356580099040899	1
-0.015506010978220366	-0.0037922897677050075	1
-0.013989150336230044	-0.003641690028616443	1
-0.01711458902148349	-0.003946853718663238	1
0.016421943485240346	-0.005026796628329406	1
0.01485835525143654	-0.004832880778107663	1
0.0046632053061947095	-0.003473835248524635	1
0.007352358036339545	-0.0038298921357143986	1
0.010713270287090711	-0.004290319101075681	1
0.003888008971850721	-0.0033810848362719214	1
0.013385768169949634	-0.004644642588867032	1
0.009509929098767763	-0.004126445118315606	1
0.006388763764634216	-0.003698743031072702	1
0.005494500490125264	-0.003579876516705172	1
0.008391053018742007	-0.003972698105848061	1
0.012004444378486858	-0.004463398326499978	1
0.0024763718714602974	-0.0032369636284929936	1
0.0018243407077682338	-0.0031861807416427054	1
0.0031616149439866875	-0.0033020189554281367	1
0.001197357492765691	-0.0031498708503844433	1
0.000587092769180184	-0.0031281753164625614	1
-0.001856011976168445	-0.003188359095239953	1
-1.4891465319526988e-05	-0.0031211778078900697	1
-0.00643485775428351	-0.0037049611763674247	1
-0.008444602053671495	-0.00398006981574013	1
-0.003925233777307067	-0.0033853641885871924	1
-0.009567572255678227	-0.00413433898021076	1
-0.002509499128272291	-0.003239854870672384	1
-0.013456629087301192	-0.004653821410054075	1
-0.012070795836297067	-0.004472201639425842	1
-0.014933746562111954	-0.004842373389455134	1
0.015875949171709227	-0.00611985081154646	1
0.0143506053797678	-0.005889328340725723	1
-0.0006170864169231386	-0.0031289051843449976	1
0.011568504397307128	-0.0054522250831998366	1
-0.004703042947060066	-0.003478783448630075	1
0.009136416073444738	-0.005056468864767766	1
0.010309919632830549	-0.0052485522009533365	1
0.008044290988359015	-0.004877049338630476	1
0.007028974927815125	-0.004711240464661926	1
-0.00553730225378251	-0.0035854722119871437	1
-0.0031965976310707207	-0.0033056115666034933	1
0.004387514577174034	-0.004303252853308286	1
0.012914877527458898	-0.005666273307288303	1
-0.0012279819424523683	-0.003151327781047965	1
-0.007402045059937536	-0.0038367037168627015	1
0.0015546273245936565	-0.003988839361525067	1
0.0009183811619262861	-0.003953680629305315	1
0.0002945365139168787	-0.0039362882662080465	1
0.006085146540247541	-0.004559872527458968	1
-0.0009495668277709351	-0.0039550061441434815	1
-0.002244850506701029	-0.004044697664825865	1
0.005206835393112733	-0.004423668646785849	1
-0.01650181301627549	-0.005036533707803513	1
-0.0029323518803594907	-0.004115755630243249	1
-0.00442685434458256	-0.004308842897751686	1
-0.0036571178512502275	-0.004203926648487446	1
-0.010775197185814489	-0.004298692033001371	1
0.003620184658071969	-0.004199156977565889	1
-0.005248938718949592	-0.004430054774424746	1
-0.0015866451972297469	-0.003991042747200809	1
0.0028974503600798485	-0.004111826461244242	1
-0.010370292513772604	-0.005258387216923666	1
-0.00032530470535975785	-0.003936730683222168	1
-0.006130348841170612	-0.004567026021855023	1
-0.01442412842774125	-0.005900595792830597	1
0.0022115912195149958	-0.004041625181380347	1
-0.008096590921474052	-0.004885632079803195	1
-0.011633175073501166	-0.005462604357744709	1
-0.007077586072387714	-0.004719127867887102	1
-0.012983951816093702	-0.0056771327481995575	1
-0.01595389675626143	-0.0061314451776751724	1
0.015390117553814982	-0.007230663051341546	1
0.013900338663397294	-0.006966830191654644	1
0.012498264668297987	-0.0067123430289232995	1
-0.009192649972687672	-0.005065702826563396	1
0.009953115190860836	-0.006238190995986961	1
0.011183176867336707	-0.006468946648054139	1
0.007734947775405866	-0.005819934859507772	1
0.005808794821442933	-0.005466718478417055	1
0.002638372986979137	-0.0049814868923442395	1
0.008805035317207081	-0.00602144942860315	1
0.006738041607940772	-0.005634713792696582	1
0.00336314246839259	-0.005073605486906915	1
0.004128221727207431	-0.0051855242272645045	1
-0.0006592608006969435	-0.004828414131555962	1
-1.5912434778118946e-05	-0.004817464859029224	1
0.004941073564081205	-0.005316757394926846	1
0.0012784932317888018	-0.004858119431816458	1
0.000627229227689291	-0.004827379964592725	1
-0.0013111435233836006	-0.0048601835866182086	1
0.0019461537469694114	-0.004909558609434938	1
-0.0026734771112493076	-0.004985581503233615	1
-0.004982747977683558	-0.005323756887037317	1
-0.0019798305763904555	-0.004912644349652488	1
-0.006785828642903103	-0.005643498862135133	1
-0.00778623868130861	-0.005829550833763389	1
-0.004167339457283664	-0.005191580462040202	1
-0.0034000646110477536	-0.005078691806251805	1
-0.011246358407264415	-0.006480729111028259	1
-0.0058533669743664404	-0.005474629415928072	1
-0.008860086250390992	-0.006031846683923522	1
0.013501947509417649	-0.008077969620663292	1
0.012130020570025577	-0.007795727890329381	1
-0.010012144279239727	-0.006249312950253317	1
-0.01397213927199179	-0.0069797068135072195	1
-0.01256572261099769	-0.006724713453555243	1
0.014959195168258556	-0.008371481999993075	1
-0.01546626109312469	-0.007243953900894939	1
0.010842299058266927	-0.00752669290780326	1
0.0016733294428273016	-0.005854641092280211	1
0.007456346722275929	-0.006815032727963581	1
0.009636484010782726	-0.007272582344402493	1
0.00031741698145566695	-0.0057846419739739086	1
-0.0010228790222870025	-0.005809576486801055	1
-0.0003505716536700451	-0.005785231352183917	1
0.0046903371950559845	-0.006273081541200683	1
-0.0017077047106835999	-0.005857575678746372	1
-0.002413160501873103	-0.005929026910279911	1
0.0038784429605495125	-0.006134615806847109	1
-0.003917614100822785	-0.006140961887132051	1
-0.004731853282993259	-0.0062805152037324445	1
-0.005597072572920436	-0.006441649723388807	1
0.0031100214908713567	-0.006018395676446497	1
-0.0085633453801346	-0.007046291340738083	1
-0.006520001283097823	-0.006623606946192093	1
-0.009694388987695878	-0.007284806168171224	1
-0.010904194630023486	-0.007539694088651583	1
-0.013572187774494112	-0.00809227415756802	1
-0.012196046232979627	-0.007809426084365687	1
-0.015033671593267255	-0.008386290796616005	1
0.0064727824606365305	-0.006614107450732067	1
0.013149341274955347	-0.009234938159781063	1
0.011803822559720425	-0.008928872413183984	1
0.00237757321285946	-0.005924935825027718	1
0.008242266323268898	-0.008109852404884668	1
0.008509243569209552	-0.0070349158374069356	1
0.007201634324347348	-0.007875439647970862	1
-0.007506874459816212	-0.006825497506247979	1
0.00531044505223622	-0.007472432704322254	1
0.004447723343439036	-0.007305887610464832	1
0.002854031988880096	-0.007046723090409533	1
0.005552866467182935	-0.006433162835553524	1
0.002108360624704948	-0.006955298416363133	1
-0.0031472113381847797	-0.006023625704425929	1
0.0006806924459581034	-0.0068508064234461	1
-1.727245550896927e-05	-0.006838196408444326	1
0.003631317687757966	-0.007163763556849221	1
0.0013865559948749166	-0.006889897102594813	1
-0.0021447060402961385	-0.006959221208695906	1
0.0009893165368175347	-0.005807810807892455	1
-0.0014219035592612861	-0.0068925218384889115	1
0.014577370520814986	-0.00955420610088643	1
0.010539359217908904	-0.008638123586821167	1
-0.0028917641132473935	-0.007051926595719944	1
0.006226297173886654	-0.007662598797976773	1
-0.0007154383832526101	-0.006852121641640808	1
0.009353364703788824	-0.00836456535184824	1
-0.0036708149125931023	-0.007170224365074315	1
-0.014650331913519488	-0.009570338686527824	1
-0.013218195985769845	-0.009250475790327265	1
0.012836025693916427	-0.010449320595856704	1
-0.0072516478967709535	-0.007886563984240506	1
0.014238358009689953	-0.010790164130190762	1
-0.00941037178734974	-0.008377697899669358	1
0.009096878120874223	-0.009526265230799526	1
0.011513010082239853	-0.01012357819737773	1
0.0069638484312238855	-0.009013467283163917	1
-0.010600180408866126	-0.008652149203562857	1
0.005991628587684707	-0.008792543803794703	1
0.007997166962181007	-0.009258494144262983	1
0.005074607919505206	-0.008596896569148861	1
-0.008295657642692623	-0.008122014694209995	1
0.002588527300651204	-0.00817080494906981	1
-0.004489350338978858	-0.007313575994799988	1
0.0018242382663820847	-0.00808467800060884	1
-0.005354549305661003	-0.007481312301523884	1
0.00034651392147585933	-0.007998883224062718	1
-0.0003827033876538696	-0.007999605721991408	1
0.0033800786077790006	-0.00828526662891775	1
-0.0018616086526987543	-0.008088274141083839	1
-0.002627069612642632	-0.008175816511513567	1
-0.006273205267866422	-0.007672626214230747	1
-0.005118872120577495	-0.008605985757576982	1
0.004206372731515463	-0.008427525122903663	1
-0.006038482487625283	-0.008802911191486427	1
-0.011868610470202618	-0.008943703526319463	1
-0.008050088504411258	-0.009271247102151752	1
-0.004248376050698306	-0.008435290460372257	1
-0.0034201693576299637	-0.00829167028636565	1
-0.010327533284879394	-0.009830067593066745	1
-0.011576762069215674	-0.010139337521082715	1
-0.01290367895647589	-0.010465884746239714	1
0.01026756944498621	-0.009815219876582997	1
-0.007013597378608707	-0.009025058898566007	1
-0.009153217240469174	-0.009540107032543167	1
0.0010795159603645237	-0.008027283506196945	1
-0.0011161000610645003	-0.008029447737063525	1
-0.014309967970620409	-0.010807412593255178	1
0.0031181256503401405	-0.00951025921548375	1
0.007766914687385706	-0.010492105537093498	1
0.0023070806253086343	-0.00940164864039588	1
0.005761831389846121	-0.01001525500500663	1
0.004838496083041443	-0.009817840869728896	1
0.0007462209677004346	-0.009277449232499591	1
-1.893949138007719e-05	-0.009262456322882742	1
-0.000784293433098036	-0.009279012928598356	1
-0.0015576342186295526	-0.009327040491743654	1
-0.002346691740445316	-0.009406309936415207	1
-0.0031590695444992842	-0.009516439243010148	1
0.003959541397597445	-0.009649221138472944	1
-0.005808884098287232	-0.010025774843026986	1
-0.004002180075837717	-0.009656889390988053	1
-0.006785718053977253	-0.010252286332515799	1
-0.007819606556588168	-0.010505250138663073	1
-0.008915897764745707	-0.010783218453513547	1
0.006735986280730485	-0.010240420946121438	1
-0.011313578038605776	-0.011407253518618418	1
-0.010079261223408818	-0.011084522465237149	1
0.011009634439456599	-0.012740295996767436	1
-0.012621818486967407	-0.011749241257612097	1
-0.004883177075168189	-0.009826958608736756	1
0.008635607532165876	-0.01210239503285661	1
0.006511074045662977	-0.011566355212583054	1
0.005530043369830607	-0.011340755337072232	1
0.01001993516954656	-0.011069061362504778	1
0.007544452907999549	-0.011820737242043395	1
0.0045953877366257945	-0.01114522135630698	1
0.00370067701237205	-0.010980828433089227	1
0.00885999575529848	-0.010768871487023669	1
0.012299708918481716	-0.01309224806723595	1
0.009789322918152453	-0.012409582844101479	1
0.0015189828367676856	-0.009323920527977566	1
0.012555176488133953	-0.011731867252065159	1
0.011250655901109232	-0.011390778889156752	1
0.0020035686707058423	-0.01074879135857061	1
-0.002881151734079604	-0.01085425251700879	1
-0.005577541677645959	-0.011351242509731636	1
-0.00042090232877786915	-0.010650299956791799	1
0.0028391056656006863	-0.010848454827749307	1
0.001186732907247809	-0.010682348794063526	1
-0.0037442009886670576	-0.01098823151821845	1
0.0003811051491817414	-0.010649463290405205	1
-0.009848230393424723	-0.01242544388619056	1
-0.008691301407924625	-0.012117040163456865	1
-0.0020444950657739352	-0.010752953694568702	1
-0.004640734720310355	-0.011154190776709302	1
-0.006561031310165731	-0.011578301506651232	1
0.008416590677773022	-0.013535398179643159	1
-0.007597151861482969	-0.011834073339251473	1
0.006282239662307638	-0.012999800295691913	1
0.005289561059413019	-0.01277750158528714	1
-0.0012269075470178893	-0.01068485460291192	1
0.007322769812750934	-0.013252954647316857	1
0.010782688937043974	-0.014180569543822725	1
-0.01107193403466206	-0.012757266424170799	1
0.003423501853343109	-0.012430540812398824	1
-0.01236553275575336	-0.013110206728409285	1
0.0025369999592535367	-0.012307856350670806	1
0.009568528040401952	-0.013845305029719193	1
0.004338777271090793	-0.012587382860362884	1
0.0008220875185859084	-0.012167459436527327	1
0.001672264383255553	-0.012220004066309426	1
-2.0869676314240918e-05	-0.012150503879642465	1
-0.00962723285213224	-0.013861349490348673	1
-0.0034681490442824074	-0.012437519068099723	1
-0.01084457150545996	-0.014197811230044953	1
0.009350344127006367	-0.01538303226903551	1
0.00819588144617781	-0.015074690608352646	1
-0.0017147372795925668	-0.012223531234386773	1
0.007094972964281256	-0.014795531279758608	1
0.006042790857097193	-0.014547452085388693	1
-0.0025803836339074538	-0.012313123415534331	1
0.003122104678815902	-0.014004568006451074	1
0.004062461917292247	-0.014150740102260062	1
-0.0008640106656147119	-0.012169227738035577	1
0.00042021788336909816	-0.013784574446415987	1
-0.004385028936624813	-0.012596033558988464	1
-0.00046409414057283014	-0.013785500053238572	1
-0.0053377427133471525	-0.01278777552203677	1
-0.0022511618541339084	-0.013899025702606786	1
-0.006332657476594754	-0.013011637278366659	1
-0.004109843334561593	-0.014158910706616238	1
-0.00508301242652513	-0.014341957273892536	1
0.005033921768951202	-0.014332070231027385	1
0.0022062220567358945	-0.013894424114372934	1
-0.006093893667908148	-0.014558994367769366	1
-0.008251823988448072	-0.015089308324922168	1
-0.007375706426744096	-0.013266282841974198	1
0.006854369934969867	-0.016453098944433128	1
0.005786300502821916	-0.01621381757391379	1
0.003760638421037604	-0.015839410871113912	1
0.0013079413044627874	-0.013820951789050868	1
0.002791044072874454	-0.01570676124560447	1
-0.009409055863126453	-0.01539904227953321	1
0.000905992518488695	-0.01555480077774107	1
-2.3004610001430233e-05	-0.01553643739756132	1
-0.0018884222723983793	-0.015615510976465507	1
-0.008472300647262355	-0.013550133322132332	1
-0.0028385870026920467	-0.01571245883421752	1
-0.003168097777985312	-0.014010972970048441	1
0.004756994279332708	-0.016008797234807668	1
-0.0009521733290260196	-0.015556715762715235	1
0.0018417284533924698	-0.015611692816770877	1
-0.006908433707904962	-0.016465826444160805	1
0.004453080784979158	-0.01780936174401109	1
-0.0013521732070660923	-0.013823723331544465	1
-0.007148368644364734	-0.014808654942617516	1
0.0014391455876938874	-0.017460326370501256	1
0.00046256769107028535	-0.01742176123202267	1
-0.004807204184198794	-0.016018133307870795	1
-0.005838298891790733	-0.01622488703841514	1
0.0024254662614459	-0.017538178932035423	1
0.0034280125368847925	-0.017654791295481684	1
-0.004504601086962946	-0.017817995411967536	1
-0.0024747401931954883	-0.01754305312707609	1
-0.003478256680325389	-0.017661568738522943	1
-0.0014877665322337247	-0.017463264083103128	1
-0.003809357616878799	-0.015846951954758732	1
-0.0005108602991515985	-0.017422742661829305	1
